202,2
197,1
197,3
231,35
221,5
229,5
229,6
217,4
217,1
217,3
214,1
214,3
0,559
0,243
0,472
227,2
227,5
227,4
227,1
227,3
224,5
224,4
224,1
224,3
210,1
210,3
229,4
229,1
229,7
229,3
230,1
230,3
221,6
221,1
221,3
207,1
207,3
202,4
202,1
202,3
205,1
205,3
206,1
206,3
222,4
222,1
222,3
0,273
0,270
3,2
3,1
3,3
10,301
10,241
10,213
10,127
10,153
10,255
10,1
10,129
10,2
10,3
11,9
11,11
11,5
11,7
11,25
11,23
11,19
11,1
11,27
11,2
11,3
9,7
9,1
9,5
9,2
9,3
8,10
8,16
8,11
8,1
8,15
8,2
8,3
12,2
12,1
12,3
20,2
20,1
20,3
19,2
19,1
19,3
18,1
18,3
14,1
14,3
13,1
13,3
2,2
2,1
2,3
0,0
231,34
231,33
231,32
231,31
231,30
